      1 000266
      1 00025621
      1 0002491
      1 000243
      1 00023452
      1 00023307
      1 00023156
      1 00023137
      1 00023098
      1 00022963
      1 0002254
      1 00022
      1 0002100
      1 000205
      1 0002019
      1 00020103
      1 00020102
      1 00020101
      1 00020100
      1 00020099
      1 00020098
      1 0001888
      1 0001800
      1 000173
      1 00016
      1 0001589
      1 00015644
      1 0001500
      1 00015
      1 00012170
      1 00012159
      1 000119
      1 00011037
      1 00010103
      1 00010102
      1 0001000
      1 000094
      1 0000915
      1 000084
      1 00008215
      1 00008130
      1 00005202
      1 0000447
      1 0000402
      1 00004
      1 000039107
      1 000036
      1 0000338
      1 000032
      1 00003
      1 000024
      1 0000229
      1 0000225575
      1 000022
      1 000020
      1 00002
      1 0000199842
      1 0000169999999
      1 000013
      1 00001280
      1 0000119999999
      1 0000110
      1 00001059
      1 0000102688
      1 00001
      1 0000087
      1 00000770
      1 00000700
      1 00000378
      1 0000028
      1 0000026
      1 0000024561
      1 0000021217
      1 0000017981
      1 0000017980
      1 0000017979
      1 0000017978
      1 0000012543
      1 0000011679
      1 0000011352
      1 0000010644
      1 00000100
      1 00000067
      1 00000050
      1 0000004837
      1 0000000602
      1 0000000601
      1 0000000600
      1 0000000597
      1 0000000596
      1 0000000595
      1 0000000594
      1 0000000593
      1 0000000592
      1 0000000591
      1 0000000590
      1 0000000589
      1 0000000588
      1 00000005
      1 00000002
