      1 00062510
      1 000604
      1 0005html
      1 00058582
      1 0005854124
      1 00053
      1 00051com
      1 000504
      1 00050001pdf
      1 0004php
      1 0004html
      1 0004551
      1 000450
      1 000442com
      1 0003html
      1 00038
      1 0003721164
      1 00033
      1 000304
      1 00030007
      1 0003000
      1 00030
      1 0002jpg
      1 0002html
      1 000294
      1 00029
      1 000289
      1 0002712766
      1 00026287
      1 00025621
      1 000243comm
      1 000235652
      1 000233076356912253
      1 00022963
      1 000229
      1 0002254
      1 000222
      1 0002068
      1 000205com
      1 000203941812298220
      1 0002019
      1 0001html
      1 000174807267684187
      1 000173
      1 00016html
      1 000162com
      1 00015644
      1 0001525
      1 000152440198929924
      1 0001500
      1 0001303com
      1 000116538178456124
      1 000111
      1 000107
      1 000100020010
      1 000100010001jpg
      1 00010001
      1 00010
      1 0000jpg
      1 0000hfiesta
      1 0000h
      1 0000ffde
      1 0000avcom
      1 0000915
      1 000084com
      1 00008210
      1 0000790100
      1 00007662
      1 00006html
      1 00005202
      1 00004kkk115
      1 00003html
      1 000039107
      1 000035
      1 000032
      1 00002am
      1 0000267668
      1 0000229
      1 0000225575
      1 000022
      1 000020
      1 0000199842xml
      1 0000169999999
      1 00001280
      1 0000119999999
      1 0000110
      1 00001059
      1 000010
      1 0000094822telekomprofis
      1 0000087
      1 00000770
      1 0000070
      1 000004
      1 000003799
      1 0000028jpg
      1 0000026jpg
      1 0000024561
      1 00000152588
      1 0000012543
      1 0000011679
      1 0000011550
      1 0000011377
      1 0000011352
      1 0000010644
      1 0000010525
      1 00000100
      1 0000009764
      1 0000009763
      1 0000009282
      1 0000008895
      1 0000008095
      1 0000006953
      1 0000006820
      1 00000067
      1 0000005895
      1 0000005647
      1 00000050
      1 0000004138
      1 0000003456
      1 0000003239
      1 0000003196
      1 0000002698
      1 0000002680
      1 0000002677
      1 0000002622
      1 0000002364
      1 0000001744
      1 0000001713
      1 0000000884
      1 0000000876
      1 0000000874
      1 0000000604
      1 0000000602
      1 0000000601
      1 0000000600
      1 0000000597
      1 0000000596
      1 0000000595
      1 0000000594
      1 0000000593
      1 0000000592
      1 0000000591
      1 0000000590
      1 0000000589
      1 0000000588
      1 0000000340
      1 000000000899jpg
      1 00000000000000006
      1 00000000000000004
      1 00000000000000001
