      1 0000hpcom
      1 0000hfiesta
      1 0000h
      1 0000ffde
      1 0000com
      1 0000avcom
      1 0000avco
      1 000094com
      1 0000915
      1 000084com
      1 00008210
      1 0000790100
      1 00007662
      1 00006html
      1 00005202
      1 0000402com
      1 00003html
      1 000039107
      1 000035
      1 0000338com
      1 000032
      1 00002am
      1 0000267668
      1 0000229
      1 0000225575
      1 000022
      1 000020
      1 00001com
      1 0000199842xml
      1 0000169999999
      1 000013cc
      1 00001280
      1 0000119999999
      1 0000110
      1 00001059
      1 00000zcom
      1 00000vnscom
      1 0000087
      1 00000770
      1 0000070
      1 000004
      1 000003799
      1 00000378com
      1 0000028jpg
      1 0000026jpg
      1 0000024561
      1 00000152588
      1 0000012543
      1 0000011679
      1 0000011550
      1 0000011377
      1 0000011352
      1 0000010644
      1 0000010525
      1 00000100
      1 000000cfcom
      1 0000009764
      1 0000009763
      1 0000009282
      1 0000008895
      1 0000008095
      1 0000006953
      1 0000006820
      1 00000067
      1 0000005895
      1 0000005647
      1 00000050
      1 0000004138
      1 0000003456
      1 0000003239
      1 0000003196
      1 0000002698
      1 0000002680
      1 0000002677
      1 0000002622
      1 0000002364
      1 0000001744
      1 0000001713
      1 0000000884
      1 0000000876
      1 0000000874
      1 0000000604
      1 0000000602
      1 0000000601
      1 0000000600
      1 0000000597
      1 0000000596
      1 0000000595
      1 0000000594
      1 0000000593
      1 0000000592
      1 0000000591
      1 0000000590
      1 0000000589
      1 0000000588
      1 0000000340
      1 000000000899jpg
      1 00000000000000006
      1 00000000000000004
      1 00000000000000001
