   8181 000
   5075 1
   3021 2
   2594 3
   2500 4
   2265 5
   2131 0
   2072 6
   1934 7
   1770 9
   1766 8
   1753 500
   1219 100
   1054 163
    907 10
    869 50
    741 200
    712 900
    624 300
    568 400
    567 20
    561 250
    551 36
    543 25
    539 00
    462 600
    457 15
    452 30
    441 150
    436 999
    420 800
    406 1000
    378 90
    352 700
    334 750
    326 75
    325 99
    318 40
    290 995
    285 2000
    272 1500
    262 1999
    258 12
    253 5000
    242 499
    238 3500
    237 60
    225 350
    223 22
    211 35
    209 2999
    206 4000
    206 3999
    200 2995
    197 45
    191 2500
    186 80
    185 450
    177 3000
    177 001
    176 199
    174 650
    168 299
    165 70
    164 24
    158 1499
    157 13
    155 550
    153 399
    152 14
    150 10000
    148 49
    148 125
    144 29
    143 950
    141 16
    139 1200
    137 19
    133 120
    133 00000
    132 7500
    131 149
    131 11
    129 2400
    128 5999
    128 18
    127 28
    125 39
    123 850
    122 1699
    121 55
    120 4500
    117 69
    113 699
    113 395
    109 26
    109 2499
    108 799
    108 65
    108 599
