    859 595842
    746 100000000
    682 0440003
    467 500500
    451 20182019
    383 041806
    356 000000
    345 5953284
    331 7399367
    328 7397200
    321 041807
    319 556556
    315 176001
    295 612792
    278 20172018
    256 50000000
    237 595276
    236 100000
    223 278278
    201 100000000000
    195 20162017
    189 700157
    189 447874
    189 179806
    187 041819
    185 45354685
    173 20062019
    171 45921614
    170 500000
    164 20102019
    162 25000000
    157 595276000
    148 5952284
    145 841890000
    145 600600
    143 20152016
    142 20092019
    136 75000000
    136 20142015
    133 051614
    132 19992019
    130 200000
    127 90000000
    125 20082019
    120 20072019
    119 20192020
    116 5952884
    115 20022019
    114 20132019
    114 20132014
    111 128160
    108 20002019
    106 20122013
    105 20052019
    105 10000002
    104 042711
    103 978839
    102 20042019
    100 6102480484
    100 6102334289
    100 3903316318
    100 20112019
     99 20122019
     98 250250
     96 722722
     95 95000000
     93 300000
     93 20152019
     90 5614508138
     89 80000000
     88 85000000
     88 10000000
     87 20032019
     86 507507
     85 3333333333
     85 333333
     85 20012019
     84 9166666667
     84 8333333333
     84 6666666667
     84 5833333333
     84 4166666667
     84 1666666667
     83 70000000
     82 20102018
     81 20082009
     81 190418
     80 684846
     80 0000000
     78 062713
     77 160001
     76 301549
     76 20142019
     75 20092010
     74 750750
     73 667611
     72 400000
     72 00154050
     71 19962019
     70 19982019
