   2353 1
   2087 2
   2049 0
   2005 3
   1997 4
   1844 6
   1792 5
   1701 7
   1579 8
   1572 9
    857 100
    798 000
    758 500
    652 1000
    622 50
    575 10
    480 200
    461 5000
    431 2000
    419 1500
    396 25
    378 20
    375 10000
    345 300
    312 4000
    312 150
    290 400
    287 2500
    283 250
    280 3500
    279 30
    273 3000
    264 1999
    256 15
    255 999
    238 600
    217 100000
    214 3999
    214 20000
    213 2999
    207 75
    202 499
    202 2995
    201 50000
    194 500000
    191 800
    189 15000
    187 40
    183 300000
    172 7500
    167 995
    165 60
    163 1200
    160 1499
    154 4500
    150 30000
    147 35
    147 25000
    143 99
    142 900
    141 700
    140 299
    137 22
    134 400000
    133 5999
    131 12
    130 6000
    128 2400
    127 750
    122 9999
    122 399
    122 350
    121 199
    121 1800
    120 80
    120 1699
    120 1400
    119 24
    115 4999
    114 8000
    114 45
    112 12000
    110 40000
    110 250000
    110 200000
    107 2499
    106 1600
    103 700000
    102 150000
     98 25552
     97 70
     95 149
     95 002
     93 699
     93 2200
     91 899
     91 799
     90 395
     89 6500
     89 5500
     89 1995
     89 1000000
     88 7000
     86 800000
     86 1199
     85 120
     84 600000
     84 599
     84 2600
     84 2209
     84 020
     83 9000
     82 12500
     81 900000
     81 55
     81 1300
     80 125
     79 3499
     79 1299
     78 350000
     78 19999
     77 650
     76 750000
     76 14999
     76 1495
     75 75000
     75 650000
     75 450000
     75 14
     74 450
     74 2800
     74 129
     73 7995
     72 65
     72 550000
     72 13
     72 1100
     71 695
     71 4995
     69 5995
     68 49
     67 60000
     67 1900
     67 1250
     66 4763
     64 9900
     64 1650
     63 8999
     63 2495
     63 18
